TESTE 1 CPU
--------------2M-------------- media = 18.80906 DP = 0.425
19.265514,
18.416429,
19.444408,
18.563581,
19.156600,
18.422015,
18.314601,
18.780969,
18.312249,
18.422163,
18.375440,
18.312851,
19.312772,
19.219149,
19.261166,
19.270753,
18.625932,
19.078944,
18.407420,
19.218282
--------------4M-------------- media = 84.82176 DP = 1.67345
83.157694,
85.705620,
86.173992,
86.190131,
86.766801,
82.579915,
82.923555,
87.503386,
84.426418,
84.237688,
85.218476,
85.126322,
82.392144,
85.158296,
86.642597,
82.220829,
86.145824,
83.548895,
86.877394,
83.439405
--------------8M-------------- media = 97.53382 DP = 2.02629
100.111177,
99.783550,
95.443802,
98.751915,
96.720675,
94.939068,
95.502923,
100.554869,
98.439183,
96.346819,
99.117487,
96.721077,
96.548976,
95.439570,
96.657384,
95.477432,
97.877162,
100.474972,
95.141325,
100.627122
